NGC 628     M 74      01 36 41.8 +15 47 00.0 SA(s)c      7.3  7  20 38.0  0.08  1.99 218
NGC 2366    DDO 42    07 28 53.4 +69 12 51.1 IB(s)m      3.4 64  40  6.5 -1.02c 1.64 107
NGC 2403              07 36 51.1 +65 36 02.9 SAB(s)cd    3.2 63 124 25.8 -0.07  2.20  87
Holmberg II DDO 50    08 19 05.0 +70 43 12.0 Im          3.4 41 177  5.9 -1.13  1.82 107
DDO 53                08 34 07.2 +66 10 54.0 Im          3.6 31 132  0.6 -2.10  0.89 103
NGC 2841              09 22 02.6 +50 58 35.4 SA(r)b     14.1 74 153 85.6 -0.70  1.80 405
Holmberg I  DDO 63    09 40 32.3 +71 10 56.0 IAB(s)m     3.8 12  50  1.4 -2.23  1.52 128
NGC 2976              09 47 15.3 +67 55 00.0 SAc         3.6 65 335  1.4 -0.98  1.90  87
NGC 3031    M 81      09 55 33.1 +69 03 54.7 SA(s)ab     3.6 59 330 36.3  0.03  2.33 132
NGC 3184              10 18 17.0 +41 25 28.0 SAB(rs)cd  11.1 16 179 30.6  0.16  1.87 281
IC 2574     DDO 81    10 28 27.7 +68 24 59.4 SAB(s)m     4.0 53  55 14.7 -0.93  2.11 111
NGC 3521              11 05 48.6 -00 02 09.2 SAB(rs)bc  10.7 73 340 80.2  0.52  1.92 376
NGC 3627    M 66      11 20 15.0 +12 59 29.6 SAB(s)b     9.3 62 173  8.2  0.39  2.01 249
NGC 4214              12 15 39.2 +36 19 37.0 IAB(s)m     2.9 44  65  4.1 -1.28  1.83  98
NGC 4449              12 28 11.9 +44 05 40.0 IBm         4.2 60 230 11.0 -0.33d 1.67 267
NGC 4736    M 94      12 50 53.0 +41 07 13.2 (R)SA(r)ab  4.7 41 296  4.0 -0.37  1.89 130
DDO 154     NGC 4789A 12 54 05.9 +27 09 09.9 IB(s)m      4.3 66 230  3.6 -2.44  1.29 147
NGC 5194    M 51      13 29 52.7 +47 11 43.0 SA(s)bc     8.0 42 172 25.4  0.78  1.89 221
NGC 6946              20 34 52.2 +60 09 14.4 SAB(rs)cd   5.9 33 243 41.5  0.68  2.06 135
NGC 7793              23 57 49.7 -32 35 27.9 SA(s)d      3.9 50 290  8.9 -0.29  2.02 142
